-4.000000, 
-5.000000, 
-5.000000, 
-5.000000, 
-6.000000, 
-6.000000, 
-7.000000, 
-8.000000, 
-8.000000, 
-9.000000, 
-10.000000, 
-11.000000, 
-12.000000, 
-13.000000, 
-14.000000, 
-15.000000, 
-17.000000, 
-18.000000, 
-20.000000, 
-21.000000, 
-23.000000, 
-25.000000, 
-28.000000, 
-30.000000, 
-32.000000, 
-35.000000, 
-38.000000, 
-42.000000, 
-45.000000, 
-49.000000, 
-53.000000, 
-58.000000, 
-63.000000, 
-68.000000, 
-74.000000, 
-81.000000, 
-88.000000, 
-95.000000, 
-103.000000, 
-112.000000, 
-122.000000, 
-150.000000, 
-150.000000, 
-150.000000, 
-200.000000, 
-200.000000, 
-200.000000, 
-250.000000, 
-250.000000, 
-300.000000, 
